-0.010,-1.5,0.2,6.0,100,4,0.4,0,0,0,0,0,0,3,1,1,10,0,2,0,,,
0.01,0.025,0.075,0.125,0.175,0.225,0.3,0.5,0.8,1.30
1.28,1.28,1.28,1.28,1.28,1.28,1.3,1.3,1.3,1.3
van_genuchten_inflection_pressure_head_m,0,0,0,0,0,0,0,0,0,0 # zero requests Carsel-Parrish texture estimates
0.28,0.28,0.28,0.28,0.28,0.28,0.33,0.33,0.33,0.33
0.15,0.15,0.15,0.15,0.15,0.15,0.20,0.20,0.20,0.20
20.4,20.4,20.4,20.4,20.4,20.4,4.5,4.5,4.5,4.5
20.4,20.4,20.4,20.4,20.4,20.4,4.5,4.5,4.5,4.5
376,376,376,376,376,376,311,311,311,311
351,351,351,351,351,351,327,327,327,327
1.0E-02,1.0E-02,1.0E-02,1.0E-02,1.0E-02,1.0E-02,1.0E-02,0.0,0.0,0.0
0,0,0,0,0,0,0,0,0,0
6.42,6.42,6.42,6.42,6.42,6.42,6.97,6.97,6.97,6.97
16.8,16.8,16.8,16.8,16.8,16.8,17.5,17.5,17.5,17.5
2.0,2.0,2.0,2.0,2.0,2.0,2.0,2.0,2.0,2.0
14.85,14.85,14.85,14.85,14.85,14.85,3.5,1.75,1,0.5
5.0,5.0,5.0,5.0,2.5,2.5,0.5,0.25,0,0
1237.5,1237.5,1237.5,1237.5,1237.5,1237.5,291.7,146,100,50
420,420,420,420,420,420,60,30,10,5
1,1,1,1,1,1,1,1,1,1
5.457,5.457,5.457,5.457,5.457,5.457,5.457,5.457,5.457,5.457
35.25,35.25,35.25,35.25,35.25,35.25,7.8,7.8,7.8,7.8
-1,-1,-1,-1,-1,-1,-1,-1,-1,-1
-1,-1,-1,-1,-1,-1,-1,-1,-1,-1
1,1,1,1,1,1,1,1,1,1
0,0,0,0,0,0,0,0,0,0
0,0,0,0,0,0,0,0,0,0
0,0,0,0,0,0,0,0,0,0
0,0,0,0,0,0,0,0,0,0
0,0,0,0,0,0,0,0,0,0
100,100,100,100,100,100,100,100,100,100
100,100,100,100,100,100,100,100,100,100
0,0,0,0,0,0,0,0,0,0
200,200,200,200,200,200,200,200,200,200
1.0E+04,1.0E+04,1.0E+04,1.0E+04,1.0E+04,1.0E+04,1.0E+04,1.0E+04,1.0E+04,1.0E+04
1.0E+04,1.0E+04,1.0E+04,1.0E+04,1.0E+04,1.0E+04,1.0E+04,1.0E+04,1.0E+04,1.0E+04
0.0E+04,0.0E+04,0.0E+04,0.0E+04,0.0E+04,0.0E+04,0.0E+04,0.0E+04,0.0E+04,0.0E+04
0,0,0,0,0,0,0,0,0,0
0.50,0.50,0.50,0.50,0.50,0.50,0.50,0.50,0.50,0.50
2.00,2.00,2.00,2.00,2.00,2.00,2.00,2.00,2.00,2.00
2.00,2.00,2.00,2.00,2.00,2.00,2.00,2.00,2.00,2.00
1.00,1.00,1.00,1.00,1.00,1.00,1.00,1.00,1.00,1.00
0.25,0.25,0.25,0.25,0.25,0.25,0.25,0.25,0.25,0.25
0.50,0.50,0.50,0.50,0.50,0.50,0.50,0.50,0.50,0.50
1,1,1,1,1,1,1,1,1,1
-1,-1,-1,-1,-1,-1,-1,-1,-1,-1
20,40,40,40,20,20,10,10,5,5
1,2,2,2,1,1,0.5,0.5,0.25,0.25
0.1,0.2,0.2,0.2,0.1,0.1,0.05,0.05,0.025,0.025
0,0,0,0,0,0,0,0,0,0
0,0,0,0,0,0,0,0,0,0
0,0,0,0,0,0,0,0,0,0
0,0,0,0,0,0,0,0,0,0
0,0,0,0,0,0,0,0,0,0
0,0,0,0,0,0,0,0,0,0
